# threshold_list next are sets of 3 (median inf sup) for SLQ and VLQ, for methods: BPOK, inter, prev 
0.500000 1463.463463 1431.931932 1495.695696 1875.375375 1838.938939 1911.111111 1462.062062 1431.231231 1493.593594 1876.776777 1836.136136 1919.519520 1461.361361 1429.829830 1493.593594 1873.973974 1837.537538 1907.607608
0.600000 1473.273273 1444.544545 1514.614615 1887.987988 1856.456456 1936.336336 1469.069069 1441.041041 1517.417417 1885.885886 1856.456456 1932.132132 1472.572573 1442.442442 1509.709710 1885.885886 1856.456456 1930.030030
0.700000 1490.090090 1462.762763 1518.118118 1901.301301 1877.477477 1952.452452 1487.287287 1460.660661 1521.621622 1899.899900 1873.973974 1960.160160 1487.987988 1461.361361 1513.213213 1898.498498 1876.076076 1948.248248
0.750000 1496.396396 1470.470470 1540.540541 1923.723724 1886.586587 1962.262262 1496.396396 1468.368368 1542.642643 1922.322322 1887.987988 1964.364364 1494.994995 1468.368368 1537.737738 1922.322322 1885.885886 1958.058058
0.800000 1505.505506 1478.878879 1557.357357 1935.635636 1890.790791 1987.487487 1510.410410 1477.477477 1559.459459 1937.737738 1890.790791 1990.290290 1504.104104 1478.178178 1551.051051 1936.336336 1888.688689 1984.684685
0.850000 1526.526527 1490.090090 1564.364364 1946.146146 1909.709710 1988.188188 1530.730731 1493.593594 1574.174174 1948.248248 1906.906907 1988.188188 1523.723724 1493.593594 1560.160160 1943.343343 1908.308308 1983.283283
0.900000 1544.044044 1509.009009 1586.786787 1964.364364 1923.723724 2002.202202 1548.948949 1504.804805 1586.086086 1967.167167 1927.227227 2003.603604 1539.839840 1505.505506 1583.283283 1962.262262 1925.825826 1999.399399
0.950000 1569.969970 1534.234234 1609.209209 1998.698699 1953.153153 2058.958959 1570.670671 1530.730731 1614.114114 1999.399399 1952.452452 2061.761762 1566.466466 1530.730731 1602.202202 1997.997998 1955.255255 2053.353353
0.975000 1588.888889 1558.058058 1638.638639 2035.835836 1983.283283 2091.891892 1588.888889 1558.758759 1640.040040 2034.434434 1983.983984 2096.096096 1587.487487 1558.758759 1630.930931 2035.135135 1991.691692 2089.089089
0.990000 1622.522523 1580.480480 1662.462462 2050.550551 1991.691692 2143.043043 1623.223223 1579.079079 1661.061061 2053.353353 1992.392392 2142.342342 1617.617618 1577.677678 1658.958959 2047.047047 1996.596597 2124.124124
